1.000170852554245648e+00 4.193166050305231762e-02 5.852985536805924704e-01 -1.231737568306766756e-01 1.494586710416202502e-01 -7.064740022101358152e-02 1.252798735397945250e-02 -1.125644020604500001e-01 -2.374714475809975300e-01 -1.519482735334936885e-01 7.866205204140512552e-02 -8.206897235325050222e-02
4.193166050305231762e-02 1.000170852554245648e+00 2.333504671983407108e-01 3.145716610539869285e-01 7.967521837056235068e-01 -1.671516451594935379e-02 4.398883618610253954e-02 -7.931348882104594100e-01 -1.768126041692446859e-01 1.682551017625945611e-01 1.265293605369243457e-01 -4.614527505325240891e-02
5.852985536805924704e-01 2.333504671983407108e-01 1.000170852554245648e+00 1.158699998310926821e-01 1.713989316576588484e-01 2.709024569638883440e-02 1.466674970903956814e-02 -1.323967796786443829e-01 -2.443010083494829843e-01 -3.683210614482778505e-02 -7.524669607130335044e-03 -2.235547091170124179e-01
-1.231737568306766756e-01 3.145716610539869285e-01 1.158699998310926821e-01 1.000170852554245648e+00 2.506430043448732436e-01 2.244631382179935325e-02 7.749595008455905862e-03 -2.600818258220682355e-01 -8.082829576167152585e-02 3.379645549737535920e-02 4.696430950727252703e-03 -7.235009985151134859e-02
1.494586710416202502e-01 7.967521837056235068e-01 1.713989316576588484e-01 2.506430043448732436e-01 1.000170852554245648e+00 -1.102726933541165084e-02 3.765759860852251756e-02 -6.281905282011774894e-01 -3.664041873739125599e-01 9.001508964445777139e-02 5.188507772705332893e-02 -1.438727996518804342e-01
-7.064740022101358152e-02 -1.671516451594935379e-02 2.709024569638883440e-02 2.244631382179935325e-02 -1.102726933541165084e-02 1.000170852554247203e+00 -6.187221734333586687e-02 6.180371692459824678e-02 -9.085980219863576401e-02 3.086121946869143859e-02 -5.546046146172124020e-02 -1.299174816353166340e-01
1.252798735397945250e-02 4.398883618610253954e-02 1.466674970903956814e-02 7.749595008455905862e-03 3.765759860852251756e-02 -6.187221734333586687e-02 1.000170852554244760e+00 -6.231249422873728211e-02 -3.151396554013149998e-02 -4.458000570242475792e-03 8.482283913133189038e-03 -2.105336221662538771e-03
-1.125644020604500001e-01 -7.931348882104594100e-01 -1.323967796786443829e-01 -2.600818258220682355e-01 -6.281905282011774894e-01 6.180371692459824678e-02 -6.231249422873728211e-02 1.000170852554245426e+00 1.818834365941706110e-01 -2.410530537680949381e-02 1.798787740073920505e-02 -4.021122404769528202e-02
-2.374714475809975300e-01 -1.768126041692446859e-01 -2.443010083494829843e-01 -8.082829576167152585e-02 -3.664041873739125599e-01 -9.085980219863576401e-02 -3.151396554013149998e-02 1.818834365941706110e-01 1.000170852554246093e+00 -6.345968418372895103e-02 -8.720795725605327842e-02 2.334881723712591006e-01
-1.519482735334936885e-01 1.682551017625945611e-01 -3.683210614482778505e-02 3.379645549737535920e-02 9.001508964445777139e-02 3.086121946869143859e-02 -4.458000570242475792e-03 -2.410530537680949381e-02 -6.345968418372895103e-02 1.000170852554246093e+00 3.166370005857754855e-01 1.116161218101111539e-02
7.866205204140512552e-02 1.265293605369243457e-01 -7.524669607130335044e-03 4.696430950727252703e-03 5.188507772705332893e-02 -5.546046146172124020e-02 8.482283913133189038e-03 1.798787740073920505e-02 -8.720795725605327842e-02 3.166370005857754855e-01 1.000170852554245426e+00 3.947423250102705811e-02
-8.206897235325050222e-02 -4.614527505325240891e-02 -2.235547091170124179e-01 -7.235009985151134859e-02 -1.438727996518804342e-01 -1.299174816353166340e-01 -2.105336221662538771e-03 -4.021122404769528202e-02 2.334881723712591006e-01 1.116161218101111539e-02 3.947423250102705811e-02 1.000170852554245648e+00
